hip_sagittal_smoothed
-7.24180548007366
-6.985010145584908
-6.7280257484933665
-6.47068392143753
-6.2128195029376005
-5.954271948030386
-5.694886704650901
-5.434516545960569
-5.173022849182672
-4.910276811940827
-4.646160597601526
-4.380568401692636
-4.113407432100943
-3.8445987964376176
-3.5740782906947546
-3.301797084092283
-3.0277222958257326
-2.7518374602644746
-2.474142878009859
-2.19465585109575
-1.9134108014930018
-1.630459272956982
-1.3458698171261911
-1.059727765633258
-0.7721348908202965
-0.4832089584523209
-0.19308317658893281
0.0980944544999175
0.3901618858089581
0.6829438502700358
0.9762527738557886
1.2698897598347954
1.5636456384473674
1.8573020738852357
2.150632720139785
2.4434044170337126
2.7353784175710447
3.026311637630719
3.315957918989316
3.604069296688288
3.890397261859061
4.174694011283879
4.456713675199186
4.736213515138974
5.012955083964963
5.2867053406351525
5.557237712718656
5.824333100168459
6.087780814410652
6.347379447394063
6.602937665863146
6.854274926764541
7.101222110368576
7.343622068375867
7.5813300849806255
7.8142142495709015
8.042155740456101
8.265049019718415
8.48280193998168
8.695335764573382
8.90258510321759
9.104497766033736
9.301034539223
9.49216888639619
9.677886580029906
9.858185268027025
10.033073980799557
10.202572584682875
10.36671118782741
10.525529504993925
10.679076187899673
10.827408127922805
10.970589738070396
11.108692221150331
11.241792831058934
11.369974134004885
11.493323276336563
11.61193126542589
11.725892269789053
11.835302944295881
11.940261785938073
12.040868525195942
12.137223557567722
12.229427419309904
12.3175803108863
12.401781671043574
12.48212980382728
12.558721560231813
12.631652075546075
12.701014562821058
12.766900162252549
12.8293978456486
12.888594374543903
12.944574309938442
12.997420071081995
13.047212040205384
13.094028709619426
13.13794686716851
13.179041815642538
13.217387621422324
13.253057387363416
13.286123544714028
13.31665815871672
13.344733242461672
13.370421073542573
13.393794508113775
13.414927287058555
13.433894329151014
13.45077200632579
13.465638396457004
13.478573509386587
13.489659482327685
13.498980741196153
13.506624124886173
13.512678969999074
13.517237154050672
13.520393095715582
13.522243711209832
13.522888326459325
13.52242854524406
13.52096807404026
13.518612504798195
13.515469057386325
13.511646283897136
13.507253737441292
13.502401608449896
13.49720033185594
13.491760168831918
13.486190767018329
13.48060070338571
13.475097014029403
13.469784715300943
13.464766320733114
13.460141358217914
13.45600589184947
13.452452052749567
13.449567583054177
13.447435397058696
13.44613316330076
13.445732911106626
13.44630066484424
13.447896108817766
13.450572285409148
13.45437532872665
13.459344235663224
13.465510675903273
13.47289884204964
13.481525340677479
13.491399124762308
13.502521467579598
13.514885977836219
13.528478655473034
13.543277987275534
13.55925508114796
13.576373837647893
13.594591157144073
13.613857180751507
13.634115563015506
13.655303774160224
13.677353429587887
13.700190644211641
13.723736409127238
13.747906988075908
13.772614331121233
13.797766502955824
13.823268123267239
13.849020816625455
13.874923669404675
13.900873691318326
13.926766279226268
13.952495680965548
13.977955457058629
14.00303893826431
14.02763967705478
14.05165189122559
14.074970897972598
14.09749353689925
14.119118580547868
14.139747131178408
14.159283002646427
14.177633086357506
14.194707700397325
14.210420921053997
14.224690896061329
14.23744013899786
14.248595804376132
14.25808994304926
14.265859737646975
14.27184771783087
14.276001955227986
14.27827623796346
14.278630224766143
14.277029578666518
14.273446080343488
14.26785772120623
14.260248776319452
14.250609857295514
14.23893794528532
14.22523640420237
14.209514974311292
14.191789746304483
14.172083115978705
14.150423719608614
14.126846350097093
14.101391853963799
14.074107009214611
14.045044384116618
14.014262176887028
13.981824036290943
13.94779886313335
13.912260592626108
13.87528795761197
13.836964232636022
13.797376958870926
13.756617649927186
13.71478147861398
13.671966944760293
13.628275524261255
13.583811299580633
13.538680572017766
13.492991456136306
13.446853456852294
13.400377029790775
13.353673125642516
13.306852719385097
13.260026325374854
13.213303499466985
13.166792329479446
13.120598915480702
13.074826841550689
13.029576640836517
12.984945255898053
12.941025496511363
12.8979054972681
12.855668177474179
12.814390706008986
12.774143973954876
12.734992077943167
12.696991817285005
12.660192208060915
12.624634017429042
12.590349321477138
12.55736108998459
12.525682801476577
12.495318091940675
12.46626044053532
12.438492895548185
12.411987843759144
12.386706826226977
12.362600403349827
12.33960807184746
12.317658236077943
12.296668235833664
12.276544432462286
12.25718235482881
12.238466906277237
12.220272633366571
12.202464056748752
12.184896064128559
12.167414364801052
12.149856004804352
12.132049941258707
12.11381767399101
12.09497393207192
12.07532741242518
12.05468156721037
12.032835436236322
12.00958452023745
11.984721690444292
11.958038129507367
11.929324298494514
11.898370924380501
11.864970002187924
11.828915805723694
11.790005900689113
11.748042153826177
11.702831731700517
11.654188082713963
11.601931895987903
11.54589203086297
11.48590641092061
11.4218228766471
11.35349999112872
11.280807793486096
11.203628495123258
11.121857114279287
11.035402044823682
10.944185555726373
10.848144218154514
10.74722925769591
10.641406829777228
10.530658216928584
10.414979947138287
10.294383833136695
10.168896933040214
10.038561433369125
9.903434456020777
9.763587791326565
9.619107559842156
9.470093806010276
9.316660027289657
9.158932642758323
8.997050405570661
8.831163763972723
8.661434175856488
8.488033382059625
8.311142643791392
8.130951949687267
7.947659198064639
7.761469359970368
7.572593628579206
7.381248560422119
7.187655213797614
6.992038289550236
6.794625279191606
6.595645625094499
6.3953298972133545
6.193908990479461
5.991613346690357
5.788672204365123
5.585312879674733
5.3817600811842405
5.178235260765445
4.97495600265948
4.772135452292406
4.569981786077444
4.368697723078599
4.168480079065258
3.969519363159274
3.7719994169671835
3.576097095803252
3.3819819913454987
3.1898161948282917
2.9997540996624807
2.811942242187942
2.6265191791041143
2.443615399991361
2.26335327322938
2.0858470235375233
1.911202739304656
1.7395184078417574
1.570883976677168
1.4053814390205197
1.2430849415449576
1.0840609126762777
0.9283682096299616
0.7760582825006433
0.6271753537811794
0.48175661176811657
0.33983241639494755
0.20142651612218163
0.06655627460213019
-0.06476709407524683
-0.1925382826625766
-0.31675764158529696
-0.43743092426696506
-0.5545690278213395
-0.6681877299156923
-0.7783074225493513
-0.8849528434381986
-0.9881528056499842
-1.0879399260969318
-1.1843503534611064
-1.2774234961041586
-1.3672017504959801
-1.4537302306860291
-1.5370564993360256
-1.6172303008327307
-1.6943032970038616
-1.7683288059681275
-1.8393615446610354
-1.9074573755907605
-1.9726730583920984
-2.0350660067605744
-2.0946940513623193
-2.151615209327608
-2.205887460946261
-2.2575685341907334
-2.3067156976970917
-2.353385562834565
-2.3976338954905763
-2.4395154381895616
-2.47908374315021
-2.516391016866709
-2.551487976774925
-2.584423720534097
-2.61524560841853
-2.6439991592719307
-2.6707279604295837
-2.695473591960685
-2.718275565525045
-2.7391712780754482
-2.758195980569505
-2.775382761783374
-2.7907625472447855
-2.8043641132248416
-2.8162141156478917
-2.826337133696846
-2.834755727808504
-2.8414905116704317
-2.8465602377484496
-2.8499818957926726
-2.8517708236910466
-2.851940829963232
-2.8505043271152806
-2.84747247500758
-2.842855333325691
-2.8366620221866787
-2.828900889862921
-2.819579686561725
-2.8087057431628493
-2.7962861537876558
-2.7823279610532983
-2.7668383428534
-2.749824799503122
-2.7312953400913678
-2.7112586668960383
-2.689724356739499
-2.6667030381904504
-2.642206563554808
-2.6162481746414628
-2.5888426613384135
-2.5600065120899944
-2.5297580554261607
-2.498117591759241
-2.4651075147314607
-2.4307524214671345
-2.395079211155856
-2.3581171714666125
-2.3198980523666997
-2.280456126992939
-2.2398282392954143
-2.1980538382451016
-2.1551749984659323
-2.111236427218593
-2.0662854577273904
-2.0203720289025986
-1.9735486515687184
-1.925870361363999
-1.8773946585284238
-1.828181434846322
-1.7782928880559903
-1.7277934240825172
-1.6767495474916474
-1.6252297406024119
-1.5733043317347135
-1.5210453531054553
-1.468526388923538
-1.4158224142703917
-1.3630096253889952
-1.3101652620407582
-1.2573674226263756
-1.204694872803889
-1.1522268483746996
-1.1000428532460638
-1.0482224533164806
-0.996845067168055
-0.9459897544869844
-0.895735003169334
-0.846158516103619
-0.7973369986538251
-0.7493459478956327
-0.7022594446840537
-0.6561499496516616
-0.6110881042523082
-0.5671425379749088
-0.5243796828547678
-0.48286359640531185
-0.44265579408032535
-0.40381509235527635
-0.36639746348559105
-0.330455902959392
-0.2960403106120127
-0.263197386309396
-0.23197054103728593
-0.20239982415308205
-0.17452186746762877
-0.1483698467255059
-0.12397346094514508
-0.10135892996504073
-0.08054901042030035
-0.06156303024575242
-0.0444169416688755
-0.029123392519095275
-0.015691815540761003
-0.004128535256664686
0.005563108211344675
0.013382619096899973
0.019332190586962415
0.0234165350627701
0.025642701109713114
0.026019878541079313
0.024559192791586037
0.021273490138272365
0.016177115297599822
0.009285683027523979
0.000615845430993597
-0.00981494328793336
-0.021988662823009465
-0.03588696170030342
-0.051491389316137795
-0.06878362324820439
-0.0877456900261693
-0.10836017757923831
-0.13061043762369137
-0.15448077631296567
-0.1799566315459933
-0.20702473541558106
-0.23567326037693537
-0.2658919478261568
-0.2976722178987179
-0.3310072594275705
-0.36589209913849
-0.4023236493053594
-0.44030073323907726
-0.47982408813933375
-0.5208963449972722
-0.5635219853976806
-0.6077072752304155
-0.65346017548086
-0.7007902304269533
-0.7497084337243184
-0.8002270730099312
-0.8523595537973069
-0.9061202035710981
-0.9615240571151675
-1.0185866242245154
-1.077323641056974
-1.1377508064744628
-1.1998835048051009
-1.2637365165260201
-1.3293237184218698
-1.3966577748154485
-1.4657498214945328
-1.5366091439728173
-1.609242851723148
-1.683655550008276
-1.759849010908743
-1.837821845109898
-1.9175691759613127
-1.999082317262991
-2.0823484561649033
-2.167350342490736
-2.2540659857147354
-2.3424683607335126
-2.4325251234842655
-2.524198337368494
-2.617444211347628
-2.7122128504855416
-2.808448019624271
-2.90608692079488
-3.0050599848867368
-3.105290678026794
-3.2066953230570374
-3.3091829364440404
-3.4126550809105805
-3.5170057340460557
-3.6221211731306635
-3.72787987639815
-3.834152440963532
-3.9408015176553763
-4.047681763016604
-4.154639808772739
-4.261514249111202
-4.368135646168652
-4.474326554184049
-4.579901562841835
-4.684667360400445
-4.788422817274757
-4.890959090814843
-4.992059752095588
-5.091500935600229
-5.189051512743402
-5.284473290233645
-5.377521234319362
-5.467943721993762
-5.5554828202512745
-5.639874594488363
-5.720849447123829
-5.79813248747594
-5.871443933874669
-5.940499548905872
-6.005011108579537
-6.064686906085717
-6.119232290649189
-6.168350241817507
-6.211741979317235
-6.24910760839084
-6.280146800282985
-6.304559507281651
-6.3220467114384356
-6.33231120579589
-6.335058406640668
-6.32999719498236
-6.31684078513273
-6.295307617931929
-6.265122275841161
-6.226016416798981
-6.1777297234250925
-6.120010863855326
-6.0526184602085005
-5.975322060424424
-5.887903108976123
-5.790155911752689
-5.681888590235254
-5.562924019951103
-5.4331007480926745
-5.292273885131871
-5.140315965247755
-4.977117770419055
-4.80258911311289
-4.616659572628372
-4.419279180327954
-4.210419049209942
-3.990071943540938
-3.7582527845750646
-3.5149990887350357
-3.260371335015027
-2.994453258783037
-2.7173520696065947
-2.4291985911952834
-2.130147322041345
-1.8203764158399116
-1.500087581277237
-1.1695059012826416
-0.8288795723414788
-0.47847956495627053
-0.11859920681514198
0.25044630932487666
0.6283204906126654
1.0146661791234395
1.4091062537651784
1.8112443956065651
2.220665912902373
2.63693862188033
3.0596137791907703
3.488227061807492
3.92229959010494
4.361338989821995
4.804840488654242
5.252288043291683
5.703155492833801
6.156907734664082
6.613001919046524
7.070888658911385
7.530013251520349
7.989816908935684
8.449737994457019
8.909213262426157
9.367679099027887
9.824572761926431
10.279333616766491
10.731404368729066
11.180232287459981
11.625270423778833
12.065978816624359
12.50182568869617
12.93228862921107
13.356855762103972
13.775026897869862
14.18631466706589
14.590245633274806
14.98636138307684
15.37421959029224
15.753395051447185
16.123480689089657
16.484088519246566
16.834850578978653
17.175419809664287
17.505470891337286
17.824701023127346
18.132830644614145
18.42960409271758
18.714790188616224
18.988182749122025
19.249601016949686
19.498890004410523
19.735920745238307
19.960590449522723
20.17282255708751
20.372566685105504
20.55979846629177
20.734519274655582
20.896755836518846
21.046559725315927
21.184006739571235
21.30919616439608
21.42224991784572
21.5233115845182
21.612545339846505
21.690134769619437
21.75628159035085
21.811204277185137
21.85513660706416
21.888326125871316
21.911032549196744
21.923526107219374
21.926085844962063
21.918997889832877
21.90255369890718
21.87704829882065
21.84277853142508
21.80004131849967
21.74913195880589
21.690342470621612
21.623959992589427
21.550265255266808
21.469531135176076
21.38202130242594
21.28798897212217
21.187675768812518
21.081310712132314
20.969109330646006
20.85127290963067
20.72798787723644
20.59942533210319
20.465740714129378
20.32707361869657
20.18354775326914
20.035271033931128
19.882335818108313
19.724819268470046
19.562783841827557
19.396277895757844
19.225336404697536
19.049981776380598
18.870224758747142
18.68606542683476
18.49749423868504
18.304493148959118
18.107036768758938
17.905093560094635
17.698627053520163
17.487597077674913
17.27196098981112
17.051674896848304
16.826694857066357
16.596978053217132
16.362483928588833
16.123175278384345
15.879019289660413
15.629988524004903
15.376061838089484
15.117225238210542
14.85347266590762
14.584806712711941
14.31123926301468
14.032792064942845
13.749497229978365
13.461397662843192
13.168547423890299
12.871012026880175
12.568868675577946
12.262206443073225
11.95112639809946
11.635741682910412
11.316177547458015
10.992571344709289
10.66507249194293
10.333842402782121
9.999054394554447
9.660893575328062
9.319556714662978
8.975252101744818
8.62819939414447
8.278629459979435
7.926784215750704
7.572916461602247
7.217289715208132
6.860178044944376
6.501865902458143
6.142647954214623
5.78282891109035
5.4227233545985865
5.062655557884926
4.702959299225857
4.343977665405286
3.9860628420387276
3.6295758876659576
3.274886488243251
2.9223726885381556
2.572420596864114
2.2254240595895385
1.88178430191561
1.5419095315377656
1.2062145019855235
0.8751200326711153
0.5490524829660234
0.22844317796196015
-0.08627221604540225
-0.3946543678903479
-0.6962610107735183
-0.9906477250012505
-1.2773687743207705
-1.5559779954192479
-1.8260297396182836
-2.0870798652532425
-2.3386867786847567
-2.5804125213533204
-2.81182389976264
-3.032493654768571
-3.2420016660630298
-3.4399361872809364
-3.62589510672741
-3.7994872283261754
-3.9603335670320754
-4.108068652634081
-4.242341835603161
-4.362818588414261
-4.469181795595677
-4.561133025633779
-4.638393777787843
-4.700706696849268
-4.747836748912344
-4.779572351309697
-4.795726450004398
-4.796137537921414
-4.780670607942264
-4.749218034576978
-4.701700378664164
-4.638067109831027
-4.5582972418673195
-4.462399876627279
-4.350414652567794
-4.222412094555398
-4.078493862124788
-3.918792893942739
-3.743473446818707
-3.552731028201823
-3.346792221708231
-3.1259144058272827
-2.8903853665545447
-2.640522805288481
-2.376673743900511
-2.0992138294397784
-1.8085465414592319
-1.5051023054437647
-1.1893375162797428
-0.8617334761242618
-0.5227952514083531
-0.17305045403817285
0.18695204786041847
0.5566434840772265
0.9354365955762369
1.322727100991644
1.7178952103977494
2.120307180360555
2.5293169042977586
2.9442675322373346
3.3644931141693846
3.7893202613272954
4.218069819907608
4.650058551938055
5.084600818224213
5.521010258541051
5.958601464480046
6.396691640609085
6.83460224984481
7.271660639169188
7.707201642038103
8.1405691540244
8.571117678406075
8.998213838548512
9.421237854034196
9.839584977562206
10.25266688967165
10.659913048337744
11.060771990447632
11.454712582087154
11.841225214463007
12.219822942151318
12.59004256020918
12.95144561651631
13.303619355537194
13.646177589517952
13.978761492964972
14.301040316103672
14.612712012894495
14.913503779099
15.203172495850684
15.481505074201996
15.748318696198899
16.003460948184806
16.246809842263197
16.478273722157766
16.697791050104712
16.90533007189556
17.100888357761942
17.28449221745475
17.456195988615704
17.616081198366047
17.764255598937005
17.900852079132417
18.026027454435273
18.139961139635197
18.24285370895025
18.33492534972957
18.4164142169383
18.48757469672651
18.548675588453506
18.5999982155607
18.641834476644046
18.67448484895414
18.69825635733303
18.713460522267106
18.72041130128152
18.719423038311422
18.71080843594941
18.69487656557791
18.67193093034461
18.64226759572426
18.60617340203029
18.5639242726957
18.515783631438257
18.462000940566625
18.402810371679937
18.338429618874407
18.26905886330999
18.19487989662268
18.116055409210368
18.032728447890577
17.94502204584588
17.853039026157724
17.7568619786022
17.6565534077633
17.55215604893058
17.443693346709665
17.33117008980508
17.214573194053788
17.093872624511782
16.96902244624043
16.839961992417553
16.706617137521935
16.568901662618437
16.426718699210674
16.279962237734253
16.12851868653733
15.972268467136693
15.811087631643193
15.644849488515671
15.473426223219237
15.296690500922786
15.114517039060583
14.926784138390262
14.733375162090372
14.534179953439066
14.329096183684973
14.118030622844776
13.900900327321999
13.677633739420614
13.448171695007922
13.212468336747374
12.970491931457133
12.72222559123983
12.467667899058876
12.206833440394874
11.939753243491019
11.666475131479826
11.387063990367565
11.101601957431855
10.810188535058177
10.512940635400495
10.209992561499888
9.901495930634399
9.587619545706584
9.268549220407335
8.944487563731574
8.615653729170909
8.282283133578858
7.94462715030532
7.602952780738654
7.257542307887106
6.908692935087076
6.5567164123555015
6.201938652318404
5.844699337058561
5.485351516642948
5.124261199525138
4.761806934478743
4.398379383213848
4.034380882367094
3.6702249931442585
3.3063360365377905
2.9431486117453276
2.5811070951823605
2.220665117315389
1.8622850144424015
1.5064372525156586
1.1535998201367257
0.804257587953792
0.4589016318538833
0.11802851756415046
-0.21786045544715432
-0.5482600525529614
-0.8726619464447476
-1.190555604506767
-1.5014292216460838
-1.8047706986679952
-2.1000686657970125
-2.386813550440573
-2.6644986877824604
-2.93262147228179
-3.190684547647484
-3.4381970323630764
-3.674675777358038
-3.899646651964568
-4.112645853867657
-4.313221238355413
-4.5009336618098486
-4.6753583340489095
-4.8360861738412435
-4.982725161668331
-5.1149016836060825
-5.232261860041156
-5.3344728528270275
-5.4212241444217915
-5.492228782533862
-5.547224583832943
-5.585975290361151
-5.608271672402012
-5.613932571731976
-5.602805879388337
-5.574769442337248
-5.5297318937134925
-5.46763340162766
-5.3884463318933316
-5.292175820414282
-5.178860251386077
-5.048571637904826
-4.901415902034499
-4.737533051859687
-4.557097253539196
-4.3603167968735255
-4.147433953402389
-3.9187247265526888
-3.67449849385933
-3.415097541776656
-3.140896494083518
-2.852301635356444
-2.549750131439463
-2.2337091492727605
-1.9046748788525272
-1.5631714604784879
-1.2097498208015296
-0.8449864215097448
-0.4694819247858037
-0.08385977993104231
0.3112352642182643
0.7151387162590296
1.1271679635838452
1.546623953011137
1.9727929254477334
2.4049481992657515
2.8423519970157782
3.2842573100580785
3.7299097956694824
4.178549701171886
4.629413809625019
5.081737401627271
5.5347562277700595
5.987708486289511
6.439836800450866
6.890390190182604
7.3386260324464265
7.783812004783794
8.225228006418368
8.662168051216055
9.093942126710465
9.519878013292974
9.939323057545197
10.351645893560612
10.756238105965645
11.15251582821324
11.539921269589975
11.917924164257474
12.286023135547484
12.643746968655117
12.99065578483466
13.32634211020517
13.650431832327016
13.962585037823992
14.262496724505842
14.549897381700633
14.824553432841222
15.086267534770782
15.334878728742776
15.570262438693806
15.792330313064593
16.001029907234486
16.196344204516212
16.378290974626037
16.546921969594113
16.70232195820308
16.84460760123021
16.973926171008088
17.090454120098798
17.19439550518144
17.285980273567965
17.365462421070255
17.433118031225284
17.48924320712644
17.53415190829027
17.56817370609014
17.59165147229426
17.604939016138584
17.60839868612853
17.602398953383776
17.58731199380365
17.563511286627147
17.53136924708102
17.491254910747003
17.443531687029644
17.388555198669323
17.326671223621414
17.258213754817145
17.183503192341043
17.10284468141361
17.01652660826845
16.924819264574484
16.82797368949364
16.726220696799945
16.619770092739003
16.50881008849733
16.393506909303014
16.274004600314747
16.150425027599418
16.022868070672377
15.891412001302003
15.756114041583247
15.617011092684567
15.474120624187945
15.32744171259051
15.176956216333865
15.02263007368695
14.864414708940723
14.702248531686607
14.53605851345067
14.365761825644908
14.191267522675757
14.012478254115297
13.829291990087563
13.641603744442962
13.4493072808783
13.252296787896029
13.05046850937039
12.843722318484398
12.63196322390348
12.415102798241104
12.19306052013032
11.965765022524018
11.733155241186648
11.495181458692215
11.25180624058938
11.00300526171659
10.748768021931603
10.489098451745202
10.22401540950407
9.953553072840243
9.677761228083227
9.39670546220685
9.110467262648926
8.819144030992298
8.522849017027466
8.221711180128292
7.915874985162998
7.605500140335142
7.29076128440671
6.971847630703019
6.648962575143057
6.32232327528677
5.9921602070511275
5.658716705328964
5.322248494258643
4.983023212348984
4.641319937073539
4.297428712922014
3.9516500862454236
3.6042946495660217
3.255682597353661
2.9061432946067027
2.5560148589274343
2.205643756157569
1.8553844090468097
1.5055988178735273
1.1566561914275784
0.8089325863062836
0.4628105520699635
0.11867877945646459
-0.22306825143270825
-0.5620306262872111
-0.8978033585590264
-1.2299767618259954
-1.5581368361630505
-1.8818656721160376
-2.200741875795037
-2.5143410184713124
-2.822236113877678
-3.123998126179832
-3.41919651130999
-3.7073997940382806
-3.988176182806217
-4.261094223964719
-4.525723496651313
-4.78163534911194
-5.028403676826859
-5.2656057423421725
-5.4928230362428
-5.709642178233867
-5.915655856829485
-6.1104638056849545
-6.293673814154258
-6.464902769213033
-6.6237777254615535
-6.769936999515706
-6.903031284709722
-7.022724781675244
-7.128696340029968
-7.22064060610785
-7.298269171394127
-7.361311716094163
-7.409517142067181
-7.4426546891959715
-7.460515029143147
-7.462911330364549
-7.449680288212072
-7.420683113962115
-7.375806476652715
-7.31496339170222
-7.238094050415155
-7.145166584656426
-7.036177761192345
-6.911153600455367
-6.770149914787415
-6.6132527615527525
-6.440578806883309
-6.252275596225147
-6.048521728291383
-5.829526929491599
-5.5955320263971915
-5.3468088143125705
-5.083659820549959
-4.806417961546547
-4.515446093512748
-4.211136456854967
-3.8939100151710972
-3.5642156901675106
-3.2225294943881035
-2.8693535641747525
-2.5052150957900188
-2.1306651881232597
-1.7462775958667143
-1.3526473974852573
-0.9503895827094293
-0.5401375646534914
-0.12254162199652091
0.3017327230365444
0.7320063848966066
1.167588446916082
1.607777939097255
2.051865654937845
2.499136000641438
2.9488688699892607
3.4003415381123583
3.852830567397144
4.305613718779855
4.757971861733706
5.209190876323342
5.658563540791296
6.105391398247384
6.548986596151083
6.9886736924059125
7.423791422021054
7.853694418436289
8.277754883749868
8.695364202233556
9.105934491663824
9.508900087142226
9.903718952221924
10.28987401230123
10.666874405390665
11.03425664550893
11.391585694117717
11.738455935168538
12.074492049509644
12.399349784591521
12.712716615619112
13.01431229453174
13.303889283451861
13.58123306953496
13.846162358478999
14.098529144315908
14.33821865351281
14.565149161858976
14.779271683107684
14.980569528880702
15.169057739927181
15.34478238945683
15.50781975993757
15.658275395456865
15.796283032489598
15.922003412688186
16.035622982106315
16.137352482078832
16.22742543779882
16.306096551449457
16.373640007553558
16.43034769898731
16.47652738285594
16.512500776137482
16.53860160165535
16.555173595530633
16.562568487780602
16.5611439681613
16.55126164969017
16.53328504252192
16.507577550979764
16.47450050655973
16.434411249623587
16.387661272273153
16.334594434554567
16.27554526567598
16.210837361338257
16.140781887579855
16.06567620072939
15.985802592150465
15.901427165461008
15.812798852824928
15.720148575758216
15.623688554677706
15.523611770162214
15.42009157760707
15.313281475649195
15.203315027435861
15.090305932521996
14.974348245922824
14.855516739636373
14.733867400797411
14.609438059544589
14.48224913868797
14.352304516366118
14.219592492089777
14.084086845891727
13.945747979745502
13.804524129984792
13.660352639153027
13.513161275540384
13.362869588622619
13.209390288700284
13.0526306392439
12.892493850775045
12.728880465547448
12.561689722827868
12.3908208952036
12.216174587051182
12.037653987077597
11.855166067678326
11.668622724733563
11.47794185237136
11.283048348151526
11.08387504505375
10.880363567575284
10.672465110145366
10.460141136934439
10.243364002965599
10.022117497214246
9.796397309101629
9.566211420441432
9.33158042548078
9.09253778218276
8.849129998324731
8.6014167563328
8.349470981038127
8.093378854725815
7.833239783954116
7.56916632265401
7.301284055980757
7.0297314492851415
6.754659666408594
6.4762323612896
6.194625446605874
5.910026842874892
5.622636211102055
5.332664671708698
5.040334512098598
4.745878884839168
4.449541498048987
4.151576299203292
3.8522471531997984
3.551827515174018
3.250600098221269
2.948856535875812
2.6468970389196786
2.345030045847511
2.0435718661012205
1.7428463150108784
1.4431843392366845
1.1449236314012134
0.8484082325308562
0.5539881208894843
0.2620187857842925
-0.027139215048359023
-0.31312071581270495
-0.5955564220317872
-0.874073410080674
-1.1482956478942346
-1.4178445377241249
-1.6823394816596942
-1.9413984704552885
-2.194638696024544
-2.4416771877731986
-2.68213147274803
-2.9156202593827723
-3.1417641444241244
-3.360186342423852
-3.5705134369877727
-3.772376152780276
-3.9654101470947785
-4.149256819616839
-4.323564138828029
-4.4879874833254085
-4.642190496163746
-4.785845950165661
-4.918636621988566
-5.040256172586794
-5.150410031562605
-5.248816282760984
-5.335206548330397
-5.409326868345232
-5.470938572965927
-5.519819144000178
-5.555763062623855
-5.578582639924065
-5.5881088268401236
-5.584192000002083
-5.5667027199020405
-5.535532457782157
-5.490594287586215
-5.431823539300419
-5.359178410005068
-5.27264052897343
-5.172215473188759
-5.0579332297064195
-4.929848601366602
-4.788041552465114
-4.632617491116259
-4.463707485193268
-4.281468408908743
-4.086083017300095
-3.8777599461129353
-3.6567336348283606
-3.4232641708573186
-3.1776370532256757
-2.920162874395908
-2.6511769192138983
-2.3710386803301184
-2.080131289821518
-1.7788608671311334
-1.4676557838443771
-1.1469658462312742
-0.8172613968997893
-0.4790323373238496
-0.13278707342771953
0.22094861317697062
0.5816327652969657
0.9487085182022877
1.3216054318196746
1.6997408829115397
2.0825215127221153
2.469344725236419
2.859600230882976
3.252671630219624
3.6479380318747414
4.044775698775212
4.442559716478354
4.840665677238833
5.238471373283746
5.635358492640146
6.030714310759452
6.423933371112629
6.814419147888695
7.201585683917028
7.5848591969508705
7.963679647495349
8.337502261437985
8.705799000843145
9.06805997640392
9.423794795205637
9.772533837644811
10.113829457565645
10.44725709992385
10.772416330564505
11.088931773007328
11.396453947469478
11.694660007723089
11.983254371782134
12.261969242841554
12.530565017350055
12.788830577587138
13.03658346663338
13.273669944170578
13.499964922123402
13.715371779755259
13.91982205845596
14.11327503710496
14.295717189558331
14.46716152648657
14.627646824479703
14.777236746031393
14.91601885470954
15.044103530511672
15.161622791083294
15.26872902513979
15.365593645070785
15.452405666313375
15.52937022165005
15.596707019111774
15.654648752639496
15.703439475071637
15.74333294337471
15.774590946313019
15.797481624956278
15.81227779654616
15.81925529228049
15.818691319523973
15.810862858815057
15.796045105808608
15.774509967973952
15.746524625458228
15.71235016502889
15.672240295429578
15.626440151825431
15.575185196283012
15.51870022043288
15.4571984556077
15.390880794843982
15.319935130190592
15.2445358077923
15.164843202222293
15.081003410534885
14.99314806550962
14.901394266572119
14.805844625916153
14.70658742642671
14.603696887125471
14.497233531038045
14.38724464962571
14.273764857241225
14.15681672846618
14.036411510671924
13.91254990372289
13.785222898413227
13.654412664997805
13.520093483047763
13.382232703828437
13.240791736462107
13.095727049296617
12.946991178149206
12.794533733427523
12.638302398540258
12.478243912490703
12.314305030089464
12.146433453818528
11.9745787320184
11.798693118742957
11.618732391322832
11.43465662238729
11.246430903806214
11.054026020718055
10.857419074496862
10.656594054172224
10.451542356442085
10.24226325500187
10.028764320447266
9.811061792486647
9.589180906617337
9.363156177773833
9.133031643743362
8.898861071362425
8.660708128657571
8.418646526174522
8.172760130753806
7.9231430549609465
7.669899725268412
7.413144931919482
7.153003863185962
6.889612126468143
6.62311575838288
6.3536712256507695
6.081445418233259
5.806615635792268
5.529369568155665
5.2499052700790525
4.968431130204552
4.685165833737459
4.4003383179979565
4.114187719663466
3.8269633122028655
3.538924431721469
3.2503403891893305
2.961490366818522
2.672663296190053
2.3841577156100797
2.096281604099124
1.8093521893876483
1.5236957273063894
1.239647250019416
0.9575502806505514
0.677756511997573
0.40062544721098015
0.12652400053218393
-0.14417394356356286
-0.41108801419490776
-0.6738318819439605
-0.9320138315135522
-1.185237379575872
-1.4331019378611614
-1.675203521171448
-1.9111354996359156
-2.1404893941553884
-2.3628557136172477
-2.5778248321025106
-2.784987903957079
-2.983937814262419
-3.1742701619199654
-3.3555842722609466
-3.5274842358113307
-3.6895799695822347
-3.841488297021127
-3.982834042549955
-4.1132511364341395
-4.232383725572172
-4.33988728567005
-4.435429730168469
-4.51869251122393
-4.589371708007758
-4.647179097579433
-4.69184320361235
-4.72311031830077
-4.740745492855687
-4.744533492103961
-4.73427970883843
-4.709811033725855
-4.6709766767632335
-4.617648936479962
-4.5497239133120715
-4.467122163823607
-4.3697892927174165
-4.25769647986123
-4.130840939852777
-3.989246311957603
-3.8329629785728057
-3.6620683106965255
-3.476666839214167
-3.2768903511451466
-3.062897910325732
-2.8348758023313696
-2.5930374037629873
-2.3376229763332446
-2.0688993864878644
-1.787159751581385
-1.4927230138934704
-1.1859334440190132
-0.8671600753907124
-0.53679607189487
-0.19525803071851908
0.1570147772823181
0.5195612272779382
0.8918992177093015
1.2735266024935057
1.6639221755540687
2.062546705014822
2.4688440143930093
2.8822421081432084
3.302154338936159
3.727980614102186
4.159108638724027
4.594915192924587
5.034767440957193
5.478024269765067
5.92403765472839
6.372154050357273
6.821715803712739
7.272062588341434
7.722532856489581
8.172465307314189
8.621200368732136
9.068081690438197
9.512457645480017
9.95368283760083
10.391119611349492
10.824139561713553
11.252125039756274
11.674470650436266
12.090584738462342
12.499890857691405
12.901829219219476
13.295858112951915
13.681455297076038
14.058119349505294
14.425370975028038
14.78275426158404
15.129837878817604
15.466216211826687
15.791510422851488
16.105369433532637
16.407470820326193
16.6975216156981
16.97525900784082
17.240450931865368
17.49289654572766
17.732426584551266
17.958903587512143
18.17222199205377
18.372308090902518
18.559119848149567
18.73264657155252
18.892908439180335
19.039955879571345
19.17386880568599
19.29475570410242
19.402752582111543
19.49802177660504
19.58075062990033
19.651150038895043
19.709452885174514
19.7559123548923
19.790800158390024
19.814404660602314
19.82702893428981
19.828988749043255
19.820610509790523
19.802229159203577
19.77418605893222
19.736826864977115
19.69049941274746
19.63555162742388
19.572329475160497
19.50117497041046
19.42242425424735
19.336405757983883
19.24343846566453
19.14383028813749
19.03787656040374
18.925858672807706
18.808042845389263
18.684679053374715
18.556000110361797
18.42222091426747
18.283537859576057
18.140128417867558
17.99215088704106
17.839744308095142
17.68302854680481
17.522104536161308
17.357054674034217
17.187943369191544
17.014817727587484
16.837708369713212
16.65663036881506
16.47158429892665
16.28255738094545
16.089524714414665
15.892450582253597
15.69128981541357
15.485989204323047
15.2764889440211
15.062724100058757
14.844626082566043
14.622124116330685
14.395146695302277
14.163623010612058
13.92748434197055
13.686665403159836
13.441105633259664
13.19075042622229
12.935552292424614
12.675471946862887
12.410479319699906
12.140554485912665
11.865688511806082
11.585884217142446
11.301156852574525
11.011534692952008
10.717059547886134
10.41778719169786
10.113787715533917
9.805145805006758
9.491960947195453
9.174347571232161
8.852435126992356
8.526368106607038
8.196306013623616
7.862423284662469
7.524909168352672
7.183967566188736
6.839816839736768
6.492689588340711
6.142832401144965
5.790505586867499
5.435982884335949
5.079551156347566
4.7215100689409955
4.362171757682886
4.001860482084023
3.64091226877642
3.279674543612722
2.918505752399852
2.5577749695568466
2.1978614935986966
1.8391544279989898
1.4820522456791614
1.1269623351149456
0.774300525844429
0.4244905910091633
0.07796372446163656
-0.2648420100702223
-0.6034822602579452
-0.9375069993155702
-1.2664611753184236
-1.5898853978326137
-1.9073166637686605
-2.2182891241052247
-2.522334892819001
-2.8189848990083646
-3.107769782815494
-3.388220835338872
-3.6598709822900064
-3.9222558106896734
-4.174914637425044
-4.4173916180045945
-4.6492368933579415
-4.870007772037555
-5.0792699446938965
-5.276598727219655
-5.46158032849731
-5.633813138241912
-5.7929090300122486
-5.938494674072673
-6.070212854429069
-6.187723784039349
-6.290706411915229
-6.378859715591006
-6.451903972239566
-6.509582001568492
-6.551660373532122
-6.577930573850448
-6.588210120334301
-6.582343623079121
-6.560203781707362
-6.521692313012005
-6.466740802580294
-6.395311474256619
-6.307397871634729
-6.203025446150243
-6.082252046771918
-5.945168306761361
-5.791897923482169
-5.622597827786755
-5.437458240087993
-5.236702610828313
-5.0205874436859474
-4.789402000501163
-4.543467887558807
-4.283138523521767
-4.008798489966879
-3.7208627661248714
-3.419775850063182
-3.1060107691695165
-2.780067983389507
-2.44247418523888
-2.093781001144617
-1.7345635991667119
-1.365419208608766
-0.9869655574390301
-0.5998392338112953
-0.20469397829579167
0.19780108629692156
0.6069632803913119
1.022098241136431
1.4425018364936197
1.8674621124197088
2.296261265598442
2.7281776341672352
3.1624876989163977
3.598468087499817
4.03539757428585
4.472559068590616
4.909241584168861
5.344742182985875
5.778367886453777
6.209437547483002
6.6372836768719
7.061254217731187
7.480714261813299
7.895047701787977
8.303658813673831
8.705973763800932
9.101442034842487
9.489537765615479
9.869760999513245
10.241638836599837
10.604726484570259
10.958608203966346
11.30289814323938
11.637241059472549
11.961312920823824
12.274821387027913
12.577506164609481
12.869139233813573
13.149524944657303
13.418499979953115
13.67593318365127
13.921725253399558
14.155808296822936
14.37814525168461
14.588729170801706
14.78758237335083
14.974755465007531
15.150326230213475
15.314398400750143
15.467100305709607
15.608583408882794
15.739020740523554
15.858605231381274
15.96754795781445
16.066076307689464
16.15443207762007
16.232869512900713
16.301653302217233
16.361056539869335
16.41135866879764
16.452843418162793
16.485796749564223
16.51050482620238
16.52725201937269
16.536318966625632
16.537980695730692
16.53250482824007
16.520149875960097
16.501163643006024
16.475781745342807
16.444226258806694
16.40670450556733
16.36340798783829
16.314511476386656
16.260172260043312
16.20052956099019
16.135704119115122
16.06579794719661
15.990894257128554
15.911057555837028
15.82633390799737
15.736751361148666
15.6423205273434
15.543035314080363
15.43887379596617
15.329799217350942
15.215761115101166
15.096696549720564
14.972531432218663
14.843181933465738
14.708555962268608
14.56855469805881
14.4230741639053
14.27200682554763
14.115243202290328
13.952673475900053
13.784189084097298
13.609684285825072
13.429057686197368
13.242213709868118
13.049064012502738
12.849528821064531
12.643538194731015
12.43103319941423
12.211966990057078
11.986305796097604
11.754029806717929
11.51513395370732
11.269628590953868
11.017540070720935
10.758911217948999
10.493801704837711
10.222288328895416
9.944465198484142
9.660443830628706
9.37035316649272
9.074339510446833
8.77256639906266
8.465214406658188
8.152480894197547
7.834579708411853
7.511740837962347
7.1842100333172665
6.852248396766431
6.51613194866005
6.176151175539681
5.832610565339023
5.485828134280907
5.136134949495151
4.783874650741109
4.429402973950307
4.073087278619731
3.7153060803965032
3.3564485895107348
2.9969142550457586
2.637112314393676
2.2774613466384364
1.9183888280468762
1.5603306873379859
1.203730857948659
0.8490408241261015
0.4967191573574873
0.14723103940001755
-0.19895223199818896
-0.5413537586924286
-0.8794915830767465
-1.2128792583294727
-1.5410264518066985
-1.8634395852173735
-2.1796225149402
-2.4890772555034495
-2.7913047488488427
-3.08580568154498
-3.372081351610254
-3.6496345860560506
-3.9179707096750054
-4.176598564983121
-4.42503158258603
-4.662788900585867
-4.889396530983804
-5.104388570371702
-5.307308451552131
-5.497710232086507
-5.675159915153547
-5.8392367975115045
-5.9895348388043885
-6.125664045940782
-6.247251865809788
-6.353944579187346
-6.445408688332485
-6.521332290481111
-6.5814264292184355
-6.625426415552839
-6.6530931104261795
-6.6642141603798155
-6.658605178152639
-6.636110860117237
-6.596606032662212
-6.539996619901238
-6.466220525430288
-6.37524842126077
-6.267084437524409
-6.141766747071156
-5.999368039659468
-5.83999588106331
-5.663792953086193
-5.470937171173112
-5.261641677039491
-5.036154704485112
-4.794759317323194
-4.5377730191229855
-4.265547235230941
-3.9784666682936103
-3.6769485292475497
-3.361441646461193
-3.0324254564041717
-2.6904088798751804
-2.335929088434721
-1.969550166259182
-1.591861673153678
-1.2034771149295693
-0.8050323277661072
-0.39718378353253914
0.019393176653611396
0.44400617311447904
0.8759476748431757
1.3144969354455118
1.758921969881695
2.2084815640698157
2.6624273094311826
3.120005654517695
3.5804599659588265
4.043032591095559
4.50696691482563
4.9715094033635685
5.4359116278150585
5.899432260673214
6.3613390385596595
6.820910684751673
7.277438785254166
7.730229612388909
8.178605890080545
8.621908495217864
9.05949808965861
9.490756677626644
9.915089083422236
10.331924344531227
10.740717015379163
11.1409483771353
11.532127549132287
11.913792497634907
12.28551093787014
12.64688112542614
12.997532533344906
13.337126411477886
13.66535622495054
13.981947968896328
14.286660356976922
14.579284881607773
14.859645744259703
15.127599654710123
15.383035498673191
15.625873873846768
15.856066495074378
16.07359547003015
16.278472447590175
16.47073764184993
16.650458735577942
16.817729667753248
16.9726693107094
17.11542004329137
17.246146227312344
17.36503259546416
17.47228255967515
17.568116449710587
17.652769692560575
17.726490943845686
17.789540183079403
17.842186785147106
17.884707580782337
17.917384919133085
17.940504745704533
17.954354709033364
17.959222309386146
17.955393102577055
17.943148971666083
17.92276647882769
17.894515309074283
17.85865681678229
17.815442685107673
17.765113707400396
17.707898698643845
17.64401354376705
17.573660388418517
17.497026976465257
17.414286137105012
17.325595423071142
17.2310968999852
17.130917085490474
17.02516703539823
16.91394257271562
16.797324654117006
16.67537986718592
16.54816105060853
16.415708028455338
16.278048448759478
16.135198715797355
15.987165004810926
15.83394434738671
15.675525775330359
15.511891510649908
15.343018189186067
15.16887810550272
14.989440466871269
14.804672644542537
14.614541410992052
14.419014152438725
14.218060046662064
14.011651196966334
13.799763714047614
13.582378738496553
13.35948339770024
13.131071691975087
12.897145305852508
12.657714341534751
12.412797972623336
12.162425017282372
11.90663443101896
11.645475720229694
11.379009278563815
11.10730664897906
10.830450715106359
10.54853582618666
10.261667860391215
9.969964231781308
9.673553846502182
9.372577014037844
9.0671853194793
8.757541462781019
8.443819070903007
8.126202488563814
7.804886553069979
7.480076358347216
7.151987012886774
6.8208433958461185
6.486879915016499
6.150340269801257
5.811477221748644
5.470552374562126
5.127835964880097
4.783606664486125
4.438151393990032
4.091765147418714
3.744750826582355
3.397419083544462
3.0500881690300994
2.7030837841619215
2.3567389325234336
2.011393769217402
1.667395443317852
1.325097929908686
0.9848618477619574
0.6470542586343849
0.3120484441512235
-0.01977634369946345
-0.3480351623240073
-0.6723376922204981
-0.9922885880772943
-1.307487870455635
-1.6175313609155815
-1.922011163080025
-2.220516191731528
-2.512632751606714
-2.7979451670983075
-3.076036463601278
-3.3464891007523567
-3.6088857573167665
-3.8628101669775545
-4.107848003786302
-4.343587815543915
-4.5696220029009265
-4.78554784150228
-4.990968544055557
-5.1854943587772455
-5.368743700271825
-5.540344308525689
-5.6999344313543245
-5.847164025328551
-5.9816959699254175
-6.103207289402785
-6.211390376684486
-6.305954213365963
-6.386625579808756
-6.45315024918649
-6.5052941592749685
-6.542844555744666
-6.56561110071502
-6.5734269403661365
-6.566149725474454
-6.543662578844043
-6.505875003744011
-6.452723727634324
-6.384173475666551
-6.300217668681851
-6.200879040695151
-6.086210171150978
-5.9562939275618785
-5.8112438144935705
-5.651204225240897
-5.476350592943692
-5.286889438320501
-5.083058311648977
-4.865125627092829
-4.633390387964346
-4.388181802016638
-4.129858786378267
-3.858809362272265
-3.5754499401989106
-3.2802244968039433
-2.973603645198071
-2.656083601036309
-2.3281850472034877
-1.9904519004817034
-1.6434499840929773
-1.2877656105124582
-0.9240040794305722
-0.5527880962032106
-0.17475611656402074
0.2094393762210035
0.5991336552020795
0.9936515877028808
1.392309520188941
1.794417202585508
2.1992797443595715
2.6061995944991403
3.014478537384072
3.4234196964473758
3.8323295374740427
4.24051986337584
4.647309792314453
5.052027711120843
5.454013196074347
5.8526188932591445
6.247212350906372
6.637177796355142
7.021917850522682
7.400855173060288
7.773434031685218
8.139121789516423
8.497410304601663
8.847817236202511
9.1898872527997
9.523193137192054
9.847336784485675
10.161950089204744
10.466695718198958
10.761267766474827
11.045392293536796
11.318827738289285
11.581365211021119
11.832828661469136
12.073074922437705
12.301993628935033
12.519507013275533
12.725569577089708
12.920167641679004
13.103318778652303
13.275071123282862
13.435502573528677
13.58471987816457
13.72285761797945
13.850077084495524
13.966565061165785
14.07253251249943
14.168213187049233
14.253862140667145
14.329754186890941
14.396182281761684
14.453455850785037
14.501899066134492
14.541849082546689
14.573654240673754
14.597672246929724
14.614268339093387
14.623813447103348
14.626682358598632
14.623251898815644
14.61389913444622
14.598999610988837
14.578925632983314
14.554044596306877
14.524717381425338
14.491296816137048
14.454126215920295
14.41353800949822
14.36985245667197
14.323376464846064
14.274402509984206
14.223207666994444
14.170052753755552
14.115181592169003
14.058820388759981
14.00117723646527
13.942441738343728
13.882784753035638
13.822358260889843
13.761295348781395
13.699710310767074
13.637698860880644
13.575338453563171
13.512688706464521
13.449791919648481
13.386673684593049
13.323343575805868
13.259795917378439
13.196010616386312
13.131954054709787
13.06758003060352
13.002830741185512
12.937637796946701
12.871923259401454
12.805600693104864
12.738576223452197
12.670749591945555
12.602015200958089
12.532263140441337
12.461380189500314
12.389250786296818
12.315757960326474
12.240784221741416
12.164212403049664
12.085926449206012
12.005812152808453
11.923757831820746
11.839654947946824
11.753398664478247
11.664888343114063
11.574027979905798
11.480726581101873
11.384898480249586
11.286463598453155
11.185347650178462
11.081482297435088
10.974805255550768
10.8652603540801
10.752797556656743
10.637372943805582
10.518948662878593
10.39749284936622
10.272979523866278
10.145388468967381
10.014705090225938
9.88092026528868
9.744030185039986
9.60403619043945
9.460944608464516
9.314766590290585
9.165517954531808
9.013219038034649
8.857894556368754
8.699573475800513
8.538288898169045
8.374077959717042
8.206981744564658
8.037045213157622
7.864317145675278
7.6888501000539735
7.510700383969493
7.329928039832128
7.146596841582111
6.960774301833722
6.772531687705177
6.581944043489974
6.38909021817458
6.194052895687926
5.996918625680386
5.797777852573739
5.596724940598553
5.393858192540913
5.189279859955434
4.983096142664826
4.775417175456504
4.566357000002194
4.356033520165475
4.144568439022546
3.932087176101425
3.7187187635418817
3.504595720090458
3.2898539020697397
3.0746323306960837
2.8590729953630394
2.6433206327562164
2.4275224819170487
2.2118280156253727
1.996388648721633
1.7813574242365668
1.5668886784372025
1.3531376861306554
1.1402602877895534
0.9284125002728605
0.717750113111546
0.5084282725081261
0.30060105536095094
0.09442103576664267
-0.1099611534240735
-0.3123972613219917
-0.5127418592344579
-0.7108527776147722
-0.9065915368925221
-1.0998237693481063
-1.2904196292167827
-1.47825418825509
-1.6632078140752933
-1.8451665286511534
-2.0240223445202496
-2.19967357635334
-2.372025125728765
-2.5409887371383277
-2.7064832234588225
-2.868434659348668
-3.026776541269907
-3.181449913089997
-3.332403456482967
-3.479593545623122
-3.6229842659439435
-3.7625473970174306
-3.8982623598919757
-4.030116129507239
-4.158103113079466
-4.2822249956174465
-4.402490553985157
-4.5189154411693115
-4.631521942636134
-4.7403387068691645
-4.845400452366774
-4.946747653542242
-5.044426208109087
-5.138487088648335
-5.228985981141574
-5.315982913312888
-5.399541875653899
-5.479730438008653
-5.556619364569449
-5.630282230081114
-5.700795039970698
-5.768235857013143
-5.832684437012592
-5.894221875825387
-5.952930269876412
-6.008892392127562
-6.062191385247967
-6.112910473513097
-6.1611326947263265
-6.206940653215221
-6.2504162947082005
-6.291640703648609
-6.33069392325522
-6.367654798393867
-6.40260084108692
-6.435608118258349
-6.466751161094786
-6.496102895199387
-6.523734590527793
-6.549715829925768
-6.574114494937873
-6.5969967674271235
-6.618427145438101
-6.638468471651062
-6.657181972712927
-6.67462730769252
-6.690862623892157
-6.705944618255072
-6.719928602637664
-6.732868571265995
-6.744817268766317
-6.755826257248092
-6.765945981023409
-6.775225827666995
-6.783714184254251
-6.791458487758703
-6.798505268742907
-6.804900187635683
-6.810688063051525
-6.815912891772637
-6.820617860178164
-6.8248453470664785
-6.828636917972888
-6.832033311234624
-6.8350744161958445
-6.837799244075709
-6.8402458921409695
-6.842451501929611
-6.8444522123628
-6.846283108657726
-6.847978168013519
-6.849570203085466
-6.851090804289478
-6.852570281988921
-6.854037609610032
-6.855520368710535
-6.857044696989741
-6.858635240177899
-6.860315108679426
-6.862105839769713
-6.864027366060232
-6.866097990852882
-6.868334370903757
-6.870751507010221
-6.873362742725257
-6.876179771391048
-6.879212651571393
-6.882469830851574
-6.885958177866168
-6.889683022311525
-6.893648202601672
-6.897856120735447
-6.902307803859827
-6.9070029719407
-6.911940110888408
-6.917116550432056
-6.922528545994081
-6.928171363785273
-6.934039368320425
-6.940126111545827
-6.946424422771879
-6.952926498616489
-6.95962399218735
-6.966508100762754
-6.973569651270628
-6.980799182913032
-6.988187026337489
-6.995723378816151
-7.003398374957953
-7.011202152546425
-7.019124913165676
-7.027156977348146
-7.035288834049037
-7.0435111843229095
-7.0518149791467675
-7.060191451400367
-7.0686321420775595
-7.077128920861612
-7.085674001252114
-7.094259950480709
-7.102879694497186
-7.111526518346137
-7.1201940622872515
-7.128876314039282
-7.137567597548852
-7.146262558700559
-7.1549561483945485
-7.163643603421984
-7.172320425568056
-7.180982359366505
-7.189625368919587
-7.198245614183353
-7.206839427100368
-7.215403287941089
-7.223933802191473
-7.2324276782983405
-7.240881706556098
-7.249292739388922
-7.257657673251982
-7.265973432343866
-7.27423695429065
-7.282445177930176
-7.290595033293488
-7.298683433849178
-7.306707271046032
-7.314663411159866
-7.322548694422217
-7.330359936381614
-7.338093931422812
-7.345747458345669
-7.3533172878834865
-7.360800192020733
-7.368192954952138
-7.37549238550948
-7.382695330868783
-7.389798691339442
-7.396799436027834
-7.403694619161392
-7.410481396854937
-7.417157044099197
-7.423718971751998
-7.43016474331543
-7.436492091287382
-7.442698932883185
-7.4487833849324145
-7.45474377776735
-7.460578667932715
-7.466286849561287
-7.471867364276309
-7.47731950949942
-7.482642845061639
-7.487837198034669
-7.492902665720233
-7.497839616755961
-7.502648690317413
-7.507330793416766
-7.511887096319398
-7.516319026119768
-7.520628258537341
-7.5248167080118105
-7.528886516194076
-7.532840038945369
-7.5366798319713375
-7.540408635230652
-7.544029356268695
-7.547545052636057
-7.550958913558805
-7.5542742410327675
-7.557494430517432
-7.560622951406414
-7.563663327450941
-7.566619117310387
-7.569493895399754
-7.572291233198128
-7.575014681174727
-7.577667751480277
-7.58025390154129
-7.582776518683436
-7.585238905897815
-7.5876442688506955
-7.58999570422327
-7.592296189453423
-7.594548573936518
-7.596755571726931
-7.598919755766612
-7.6010435536515715
-7.603129244931792
-7.6051789599250785
-7.6071946800105135
-7.609178239353014
-7.611131327996707
-7.613055496251818
-7.614952160287446
-7.616822608831178
-7.618668010865926
-7.620489424204864
-7.62228780481691
-7.624064016767913
-7.625818842636675
-7.627552994260177
-7.629267123659018
-7.630961833992139
-7.6326376903893935
-7.634295230511615
-7.635934974690408
-7.637557435504125
-7.639163126652272
-7.640752570997977
-7.642326307657214
-7.643884898023967
-7.645428930632643
-7.646959024772579
-7.648475832784348
-7.649980040983728
-7.651472369176513
-7.652953568745528
-7.654424419310315
-7.6558857239796385
-7.65733830323698
-7.658782987519507
-7.6602206085711515
-7.6616519896703155
-7.663077934852013
-7.664499217262662
-7.665916566803092
-7.667330657231173
-7.668742092909782
-7.67015139539806
-7.671558990094135
-7.672965193145181
-7.674370198845889
-7.675774067748776
-7.67717671570924
-7.678577904084718
-7.679977231300577
-7.681374125985572
-7.682767841866717
-7.6841574545973055
-7.685541860672747
-7.68691977856689
-7.688289752196808
-7.689650156796889
-7.690999207253647
-7.692334968921437
-7.69365537090631
-7.69495822177122
-7.696241227580945
-7.697502012169792
-7.69873813948005
-7.6999471377845525
-7.701126525573098
-7.702273838850437
-7.7033866595633915
-7.7044626448470455
-7.705499556755111
-7.706495292118181
-7.707447912155753
-7.708355671454303
-7.709217045914347
-7.710030759264868
-7.71079580774374
-7.711511482548154
-7.712177389669544
-7.71279346674326
-7.713359996564131
-7.713877616945108
-7.71434732662704
-7.7147704869833955
-7.715148819303709
-7.71548439748367
-7.715779635997472
-7.716037273078886
-7.716260349090939
-7.7164521801194965
-7.716616326882816
-7.716756559106616
-7.716876815571641
-7.716981160097436
-7.71707373378132
-7.71715870386464
-7.717240209648596
-7.717322305928521
-7.717408904457874
-7.717503713990636
-7.7176101794828265
-7.717731421059838
-7.717870173375871
-7.718028726004477
-7.718208865504841
-7.718411819806686
-7.718638205547526
-7.71888797897924
-7.719160391036883
-7.719453947131193
-7.719766372187876
-7.720094581411644
-7.720434657201683
-7.72078183258822
-7.721130481497704
-7.72147411608761
-7.721805391321579
-7.7221161168824715
-7.722397276445655
-7.722639054258377
-7.722830868894292
-7.722961413975891
-7.723018705582851
-7.7229901359917275
-7.722862533323066
-7.722622226606635
-7.722255115714772
-7.721746745558549
-7.72108238389231
-7.720247102029521
-7.719225857737381
-7.7180035795497375
-7.716565251717613
-7.714895999004597
-7.712981170530334
-7.7108064218695835
-7.70835779462661
-7.705621792724974
-7.702585454680767
-7.699236421162704
-7.695562997184842
-7.69155420832653
-7.687199850428961
-7.68249053227786
-7.677417710846619
-7.671973718742971
-7.666151783574375
-7.659946039021791
-7.653351527487735
-7.646364194261757
-7.638980873223715
-7.6311992641819675
-7.623017902018895
-7.614436117889311
-7.6054539927877505
-7.59607230386742
-7.586292463956445
-7.576116454775106
-7.56554675441073
-7.554586259654189
-7.543238203843283
-7.531506070893256
-7.519393506223113
-7.50690422530807
-7.49404192060331
-7.480810167592163
-7.467212330712969
-7.453251469913296
-7.438930248568104
-7.424250843480036
-7.409214857655717
-7.3938232365219925
-7.378076188210956
-7.361973108502837
-7.345512510971839
-7.328691962832469
-7.3115080269331605
-7.293956210291004
-7.276030919506316
-7.2577254233396715
-7.239031822677154
-7.219941028052762
-7.200442744840638
-7.180525466174642
-7.160176473599323
-7.139381845405019
-7.11812647255115
-7.09639408203605
-7.074167267529444
-7.0514275270450755
-7.028155307396299
-7.00433005514698
-6.979930273743741
-6.954933586493689
-6.929316805034168
-6.903056002927808
-6.876126594007091
-6.8485034150876425
-6.820160812668303
-6.791072733238539
-6.761212816819525
-6.730554493374071
-6.69907108173203
-6.666735890691592
-6.63352232197249
-6.599403974714276
-6.56435475123094
-6.52834896375194
-6.491361441898616
-6.453367640663742
-6.414343748679934
-6.3742667965797715
-6.333114765266033
-6.290866693924346
-6.247502787622356
-6.203004524348959
-6.157354761354037
-6.1105378406532065
-6.06253969356326
-6.013347944132104
-5.962952011322024
-5.911343209797057
-5.858514849154165
-5.8044623314238795
-5.749183246649317
-5.692677466333128
-5.6349472345203475
-5.575997256261519
-5.515834783175326
-5.4544696958035805
-5.391914582424324
-5.328184813961445
-5.2632986146020935
-5.197277127706808
-5.130144476572268
-5.061927819583417
-4.992657399270909
-4.922366584772066
-4.851091907179112
-4.7788730872481
-4.705753054935842
-4.631777960231005
-4.556997174749395
-4.481463283572881
-4.405232066826423
-4.328362470508594
-4.2509165661178026
-4.172959498649225
-4.094559422576055
-4.015787425473137
-3.936717438990896
-3.857426136942675
-3.777992820328536
-3.6984992891830464
-3.6190297012029546
-3.539670417182429
-3.460509833358185
-3.381638200843617
-3.3031474324094665
-3.225130896947824
-3.1476832020357746
-3.0708999650940716
-2.9948775737141755
-2.919712935803189
-2.8455032202700736
-2.7723455890474082
-2.7003369213102966
-2.629573530817404
-2.5601508773579598
-2.4921632733425163
-2.4257035866239756
-2.360862940678482
-2.297730413313039
-2.2363927350978794
-2.1769339887464736
-2.119435310684585
-2.0639745960616955
-2.0106262084635085
-1.959460695582934
-1.910544512099033
-1.8639397509987694
-1.8197038845551767
-1.7778895161476878
-1.7385441440759464
-1.7017099384775294
-1.6674235324126798
-1.6357158281255262
-1.606611819431435
-1.5801304311142612
-1.556284376145473
-1.5350800314596462
-1.5165173329378678
-1.5005896901624216
-1.487283921413096
-1.476580209277888
-1.4684520771492364
-1.4628663867716833
-1.459783356898576
-1.4591566030047356
-1.4609331978895967
-1.465053752891956
-1.4714525193239674
-1.4800575096192965
-1.490790637579344
-1.5035678769931742
-1.5182994378022918
-1.5348899588817506
-1.5532387164153867
-1.5732398467562816
-1.5947825825850164
-1.617751501108863
-1.6420267829858142
-1.6674844806091713
-1.693996794352139
-1.7214323553482294
-1.7496565133728572
-1.778531628394763
-1.8079173643831175
-1.8376709839874457
-1.8676476427527866
-1.8977006815915118
-1.9276819163054524
-1.9574419230367626
-1.9868303186223708
-2.015696034933823
-2.0438875864005097
-2.0712533300382043
-2.09764171743482
-2.122901538279564
-2.1468821551582176
-2.1694337294740658
-2.190407438488928
-2.209655683609582
-2.2270322901694817
-2.2423926990718273
-2.255594150765731
-2.2664958621203213
-2.2749591968403964
-2.280847830129882
-2.2840279083544557
-2.284368204481014
-2.2817402700782092
-2.2760185846484453
-2.267080703027153
-2.254807401529899
-2.239082823452285
-2.2197946244324895
-2.1968341180727027
-2.170096422085277
-2.1394806050838455
-2.1048898339813027
-2.066231521787832
-2.02341747542594
-1.9763640429987859
-1.9249922597662614
-1.8692279919036614
-1.8090020769440018
-1.7442504596406065
-1.674914321835124
-1.6009402047811174
-1.522280122258186
-1.4388916627193529
-1.350738078648109
-1.2577883612635896
-1.1600172987050457
-1.0574055158518092
-0.9499394939935856
-0.8376115686588436
-0.7204199040365025
-0.5983684425875899
-0.47146682863804723
-0.3397303049697836
-0.20317958168217629
-0.06184067687770939
0.08425527097001746
0.23507221878396223
0.39056946226645284
0.5507019060278524
0.7154203592379357
0.8846718552231692
1.0583999930850794
1.2365452990780803
1.4190456051650528
1.6058364418710442
1.7968514422848816
1.9920227538202104
2.191281454145956
2.3945579675355404
2.6017824777678094
2.812885333643393
3.0277974431603063
3.2464506524233716
3.468778105444166
3.6947145811214837
3.9241968038757764
4.157163724642908
4.393556769210236
4.633320051198244
4.876400547349616
5.122748233180131
5.3723161774669
5.625060594493461
5.880940853432128
6.139919444715392
6.401961903723489
6.667036692588077
6.935115041375627
7.206170750362384
7.480179955539492
7.757120859886435
8.036973433318046
8.319719084540386
8.605340308339729
8.893820312073373
9.185142625328416
9.479290696863139
9.776247483044282
10.075995032041808
10.378514068041506
10.683783579685935
10.991780416857976
11.302478899781011
11.615850444228768
11.931863206419841
12.250481750920656
12.571666744600957
12.895374679382007
13.221557626194612
13.550163022226373
13.881133493190214
14.21440671199359
14.549915294834316
14.887586735398754
15.227343377494934
15.56910242612017
15.91277599664311
16.258271201476116
16.605490273327288
16.954330723854262
17.30468553629467
17.656443390421703
18.009488917967868
18.3637029864755
18.718963009368373
19.075143279894647
19.43211532646577
19.789748286808653
20.147909298257925
20.5064639014404
20.865276454544286
21.2242105553201
